initial_positions:
  joint1: 0.0
  joint2: -0.69813
  joint3: 0.0
  joint4: 1.570796
  joint5: 0.0
  joint6: 0.69813
  joint7: 0.0
